$HEADER
GENCAD 1.4
USER "kicad (6.0.7-1)-1"
DRAWING "/Users/teaboo/Desktop/pcb/pcb.kicad_pcb"
REVISION " "
UNITS INCH
ORIGIN 0 0
INTERTRACK 0
$ENDHEADER

$BOARD
LINE 5.03125 -2.95 6.71875 -2.95
LINE 6.71875 -2.1375 5.03125 -2.1375
LINE 4.96875 -2.2 4.96875 -2.8875
LINE 6.78125 -2.8875 6.71875 -2.95
LINE 4.96875 -2.2 5.03125 -2.1375
LINE 6.78125 -2.8875 6.78125 -2.2
LINE 5.03125 -2.95 4.96875 -2.8875
LINE 6.71875 -2.1375 6.78125 -2.2
$ENDBOARD

$PADS
PAD P1 ROUND 0.043
CIRCLE 0 0 0.0345
PAD P2 ROUND 0.11811
CIRCLE 0 0 0.0649606
PAD P3 ROUND 0.0688976
CIRCLE 0 0 0.0344488
PAD P4 ROUND 0.157
CIRCLE 0 0 0.0785
PAD P5 RECTANGULAR 0
RECTANGLE -0.0324803 -0.0492126 0.0649606 0.0984252
PAD P6 POLYGON 0
ARC -0.0161417 -0.0233465 -0.0129134 -0.0265748 -0.0129134 -0.0233465
LINE -0.0129134 -0.0265748 0.0129134 -0.0265748
ARC 0.0129134 -0.0265748 0.0161417 -0.0233465 0.0129134 -0.0233465
LINE 0.0161417 0.0233465 0.0161417 -0.0233465
ARC 0.0161417 0.0233465 0.0129134 0.0265748 0.0129134 0.0233465
LINE -0.0129134 0.0265748 0.0129134 0.0265748
ARC -0.0129134 0.0265748 -0.0161417 0.0233465 -0.0129134 0.0233465
LINE -0.0161417 -0.0233465 -0.0161417 0.0233465
PAD P7 POLYGON 0
ARC -0.0501969 -0.0393701 -0.0403543 -0.0492126 -0.0403543 -0.0393701
LINE -0.0403543 -0.0492126 0.0403543 -0.0492126
ARC 0.0403543 -0.0492126 0.0501969 -0.0393701 0.0403543 -0.0393701
LINE 0.0501969 0.0393701 0.0501969 -0.0393701
ARC 0.0501969 0.0393701 0.0403543 0.0492126 0.0403543 0.0393701
LINE -0.0403543 0.0492126 0.0403543 0.0492126
ARC -0.0403543 0.0492126 -0.0501969 0.0393701 -0.0403543 0.0393701
LINE -0.0501969 -0.0393701 -0.0501969 0.0393701
PAD P8 POLYGON 0
LINE -0.0161417 0.0104331 0 0.0265748
LINE 0 0.0265748 0.0129134 0.0265748
LINE 0.0129134 0.0265748 0.0141488 0.0263291
LINE 0.0141488 0.0263291 0.0151962 0.0256293
LINE 0.0151962 0.0256293 0.015896 0.0245819
LINE 0.015896 0.0245819 0.0161417 0.0233465
LINE 0.0161417 0.0233465 0.0161417 -0.0233465
LINE 0.0161417 -0.0233465 0.015896 -0.0245819
LINE 0.015896 -0.0245819 0.0151962 -0.0256293
LINE 0.0151962 -0.0256293 0.0141488 -0.0263291
LINE 0.0141488 -0.0263291 0.0129134 -0.0265748
LINE 0.0129134 -0.0265748 -0.0129134 -0.0265748
LINE -0.0129134 -0.0265748 -0.0141488 -0.0263291
LINE -0.0141488 -0.0263291 -0.0151962 -0.0256293
LINE -0.0151962 -0.0256293 -0.015896 -0.0245819
LINE -0.015896 -0.0245819 -0.0161417 -0.0233465
LINE -0.0161417 -0.0233465 -0.0161417 0.0104331

$ENDPADS

$PADSTACKS
PADSTACK PAD1 0.043
PAD P1 BOTTOM 0 0
PAD P1 TOP 0 0
PADSTACK PAD2 0.11811
PAD P2 BOTTOM 0 0
PAD P2 TOP 0 0
PADSTACK PAD3 0.0688976
PAD P3 BOTTOM 0 0
PAD P3 TOP 0 0
PADSTACK PAD4 0.157
PAD P4 BOTTOM 0 0
PAD P4 TOP 0 0
PADSTACK PAD5 0
PAD P5 TOP 0 0
PADSTACK PAD6 0
PAD P6 TOP 0 0
PADSTACK PAD7 0
PAD P7 TOP 0 0
PADSTACK PAD8 0
PAD P8 TOP 0 0
$ENDPADSTACKS

$ARTWORKS
$ENDARTWORKS

$SHAPES

SHAPE "keebio:ArduinoProMicro"
INSERT TH
LINE -0.6 -0.25 -0.6 -0.35
LINE -0.6 -0.25 -0.5 -0.25
LINE -0.5 -0.25 -0.5 -0.35
LINE -0.5 -0.35 -0.6 -0.35
PIN "3" PAD1 -0.35 -0.3 TOP 0 0
PIN "4" PAD1 -0.25 -0.3 TOP 0 0
PIN "8" PAD1 0.15 -0.3 TOP 0 0
PIN "9" PAD1 0.25 -0.3 TOP 0 0
PIN "13" PAD1 0.55 0.3 TOP 0 0
PIN "21" PAD1 -0.25 0.3 TOP 0 0
PIN "23" PAD1 -0.45 0.3 TOP 0 0
PIN "24" PAD1 -0.55 0.3 TOP 0 0

SHAPE "marbastlib-mx:SW_MX_HS_1u"
INSERT SMD
LINE 0.160834 0.265757 -0.0714498 0.265757
LINE -0.171843 0.106308 0.00787402 0.106308
LINE -0.191529 0.144497 -0.191529 0.125993
LINE -0.130505 0.265757 -0.191529 0.265757
LINE -0.191529 0.265757 -0.191529 0.256702
LINE 0.239574 0.15552 0.239574 0.187017
LINE 0.239574 0.0433157 0.239574 0.0338669
ARC -0.191529 0.125993 -0.171843 0.106308 -0.171843 0.125993
ARC 0.0982017 0.0338669 0.00787402 0.106308 0.00790811 0.0138145
ARC 0.239574 0.187017 0.160834 0.265757 0.160834 0.187017
PIN "none" PAD3 -0.2 0 TOP 0 0
PIN "none" PAD4 0 0 TOP 0 0
PIN "none" PAD3 0.2 0 TOP 0 0
PIN "1" PAD7 0.289764 0.1 TOP 0 0
PIN "1" PAD2 0.15 0.1 TOP 0 0
PIN "1" PAD5 0.22185 0.1 TOP 180 0
PIN "2" PAD2 -0.1 0.2 TOP 0 0
PIN "2" PAD7 -0.239764 0.2 TOP 0 0
PIN "2" PAD5 -0.170866 0.2 TOP 0 0

SHAPE "marbastlib-mx:LED_MX_6028R"
INSERT SMD
LINE -0.149606 -0.0590551 -0.114173 -0.0590551
LINE -0.149606 -0.019685 -0.149606 -0.0590551
PIN "1" PAD6 0.107283 0.0295276 TOP 90 0
PIN "2" PAD6 0.107283 -0.0295276 TOP 90 0
PIN "3" PAD6 -0.107283 0.0295276 TOP 90 0
PIN "4" PAD8 -0.107283 -0.0295276 TOP 90 0

SHAPE "marbastlib-mx:SW_MX_HS_1u_0"
INSERT SMD
LINE 0.160834 0.265757 -0.0714498 0.265757
LINE 0.239574 0.15552 0.239574 0.187017
LINE -0.171843 0.106308 0.00787402 0.106308
LINE -0.191529 0.265757 -0.191529 0.256702
LINE -0.191529 0.144497 -0.191529 0.125993
LINE -0.130505 0.265757 -0.191529 0.265757
LINE 0.239574 0.0433157 0.239574 0.0338669
ARC 0.0982017 0.0338669 0.00787402 0.106308 0.00790811 0.0138145
ARC -0.191529 0.125993 -0.171843 0.106308 -0.171843 0.125993
ARC 0.239574 0.187017 0.160834 0.265757 0.160834 0.187017
PIN "none" PAD4 0 0 TOP 0 0
PIN "none" PAD3 -0.2 0 TOP 0 0
PIN "none" PAD3 0.2 0 TOP 0 0
PIN "1" PAD7 0.289764 0.1 TOP 0 0
PIN "1" PAD5 0.22185 0.1 TOP 180 0
PIN "1" PAD2 0.15 0.1 TOP 0 0
PIN "2" PAD7 -0.239764 0.2 TOP 0 0
PIN "2" PAD2 -0.1 0.2 TOP 0 0
PIN "2" PAD5 -0.170866 0.2 TOP 0 0
$ENDSHAPES

$COMPONENTS

COMPONENT "U1"
DEVICE "DEV_keebio:ArduinoProMicro"
PLACE 5.75 -2.54375
LAYER TOP
ROTATION 0
SHAPE "keebio:ArduinoProMicro" 0 0
TEXT 0 -0.0639764 0.06 0 0 SILKSCREEN_TOP "U1" 0 0 0.12 0.05
TEXT 0 0 0.06 0 0 SILKSCREEN_TOP "ProMicro" 0 0 0.48 0.05
SHEET "RefDes: U1, Value: ProMicro"

COMPONENT "SW2"
DEVICE "DEV_marbastlib-mx:SW_MX_HS_1u"
PLACE 5.5 -2.54375
LAYER TOP
ROTATION -90
SHAPE "marbastlib-mx:SW_MX_HS_1u" 0 0
TEXT -0.167323 0.0688976 0.0393701 180 0 SILKSCREEN_TOP "SW2" 0 0 0.11811 0.0393701
TEXT 0 0.314961 0.0393701 180 0 SILKSCREEN_TOP "MX_SW_HS" 0 0 0.314961 0.0393701
SHEET "RefDes: SW2, Value: MX_SW_HS"

COMPONENT "LED2"
DEVICE "DEV_marbastlib-mx:LED_MX_6028R"
PLACE 6.05 -2.54375
LAYER TOP
ROTATION -90
SHAPE "marbastlib-mx:LED_MX_6028R" 0 0
TEXT 0.149606 0 0.0393701 180 0 SILKSCREEN_TOP "LED2" 0 0 0.15748 0.0393701
TEXT -0.371063 -0.136614 0.0393701 180 0 SILKSCREEN_TOP "MX_SK6812MINI-E" 0 0 0.590551 0.0393701
SHEET "RefDes: LED2, Value: MX_SK6812MINI-E"

COMPONENT "SW1"
DEVICE "DEV_marbastlib-mx:SW_MX_HS_1u_0"
PLACE 6.25 -2.54375
LAYER TOP
ROTATION -90
SHAPE "marbastlib-mx:SW_MX_HS_1u_0" 0 0
TEXT -0.167323 0.0688976 0.0393701 180 0 SILKSCREEN_TOP "SW1" 0 0 0.11811 0.0393701
TEXT 0 0.314961 0.0393701 180 0 SILKSCREEN_TOP "MX_SW_HS" 0 0 0.314961 0.0393701
SHEET "RefDes: SW1, Value: MX_SW_HS"

COMPONENT "LED1"
DEVICE "DEV_marbastlib-mx:LED_MX_6028R"
PLACE 5.3 -2.54375
LAYER TOP
ROTATION -90
SHAPE "marbastlib-mx:LED_MX_6028R" 0 0
TEXT 0.149606 0 0.0393701 180 0 SILKSCREEN_TOP "LED1" 0 0 0.15748 0.0393701
TEXT -0.371063 -0.136614 0.0393701 180 0 SILKSCREEN_TOP "MX_SK6812MINI-E" 0 0 0.590551 0.0393701
SHEET "RefDes: LED1, Value: MX_SK6812MINI-E"
$ENDCOMPONENTS

$DEVICES

DEVICE "DEV_marbastlib-mx:SW_MX_HS_1u_0"
PART "MX_SW_HS"
PACKAGE "marbastlib-mx:SW_MX_HS_1u"

DEVICE "DEV_marbastlib-mx:LED_MX_6028R"
PART "MX_SK6812MINI-E"
PACKAGE "marbastlib-mx:LED_MX_6028R"

DEVICE "DEV_keebio:ArduinoProMicro"
PART "ProMicro"
PACKAGE "keebio:ArduinoProMicro"

DEVICE "DEV_marbastlib-mx:SW_MX_HS_1u"
PART "MX_SW_HS"
PACKAGE "marbastlib-mx:SW_MX_HS_1u"
$ENDDEVICES

$SIGNALS
SIGNAL "GND"
NODE "U1" "3"
NODE "U1" "4"
NODE "U1" "23"
NODE "SW2" "1"
NODE "SW2" "1"
NODE "SW2" "1"
NODE "LED2" "4"
NODE "SW1" "2"
NODE "SW1" "2"
NODE "SW1" "2"
NODE "LED1" "4"
SIGNAL "unconnected-(LED1-Pad2)"
NODE "LED1" "2"
SIGNAL "Net-(LED1-Pad1)"
NODE "U1" "21"
NODE "LED2" "1"
NODE "LED1" "1"
SIGNAL "Net-(LED1-Pad3)"
NODE "LED2" "2"
NODE "LED1" "3"
SIGNAL "Net-(LED2-Pad3)"
NODE "U1" "13"
NODE "LED2" "3"
SIGNAL "Net-(SW1-Pad1)"
NODE "U1" "9"
NODE "SW1" "1"
NODE "SW1" "1"
NODE "SW1" "1"
SIGNAL "Net-(SW2-Pad2)"
NODE "U1" "8"
NODE "SW2" "2"
NODE "SW2" "2"
NODE "SW2" "2"
SIGNAL "unconnected-(U1-Pad24)"
NODE "U1" "24"
$ENDSIGNALS

$TRACKS
TRACK TRACK250000 0.00984252
$ENDTRACKS

$ROUTES
ROUTE "GND"
TRACK TRACK250000
LAYER TOP
LINE 5.6 -2.83351 5.61024 -2.84375
ROUTE "Net-(LED1-Pad1)"
LINE 6.07953 -2.65103 6.07953 -2.71422
LINE 5.64375 -2.24375 5.5 -2.24375
LINE 5.8375 -2.24375 5.83962 -2.24375
LINE 5.65 -2.2375 5.64375 -2.24375
LINE 5.32953 -2.65103 5.36147 -2.65103
LINE 5.75 -2.2375 5.65 -2.2375
LINE 5.875 -2.7188 5.875 -2.2875
LINE 5.44727 -2.24375 5.5 -2.24375
LINE 5.75625 -2.24375 5.75 -2.2375
LINE 5.91141 -2.75522 5.875 -2.7188
LINE 6.07953 -2.71422 6.03853 -2.75522
LINE 5.83962 -2.24375 5.875 -2.27913
LINE 6.03853 -2.75522 5.91141 -2.75522
LINE 5.8375 -2.24375 5.75625 -2.24375
LINE 5.40522 -2.60728 5.40522 -2.28581
LINE 5.875 -2.27913 5.875 -2.2875
LINE 5.36147 -2.65103 5.40522 -2.60728
LINE 5.40522 -2.28581 5.44727 -2.24375
ROUTE "Net-(LED1-Pad3)"
LINE 5.55728 -2.22603 5.63641 -2.22603
LINE 6.02047 -2.71078 6.02047 -2.65103
LINE 5.64266 -2.21978 5.75734 -2.21978
LINE 5.84696 -2.22603 5.84272 -2.22603
LINE 5.63641 -2.22603 5.64266 -2.21978
LINE 5.89272 -2.56772 5.89272 -2.27179
LINE 5.3875 -2.41043 5.3875 -2.27847
LINE 5.99375 -2.7375 6.02047 -2.71078
LINE 5.47222 -2.19375 5.525 -2.19375
LINE 5.89272 -2.27179 5.84696 -2.22603
LINE 5.76359 -2.22603 5.84272 -2.22603
LINE 5.32953 -2.43647 5.36147 -2.43647
LINE 5.89272 -2.71147 5.89272 -2.56772
LINE 5.3875 -2.27847 5.47222 -2.19375
LINE 5.84696 -2.22603 5.84375 -2.22603
LINE 5.75734 -2.21978 5.76359 -2.22603
LINE 5.89272 -2.71147 5.91875 -2.7375
LINE 5.525 -2.19375 5.55728 -2.22603
LINE 5.91875 -2.7375 5.99375 -2.7375
LINE 5.36147 -2.43647 5.3875 -2.41043
ROUTE "Net-(LED2-Pad3)"
LINE 6.125 -2.24375 6.3 -2.24375
LINE 6.07953 -2.43647 6.07953 -2.28922
LINE 6.07953 -2.28922 6.125 -2.24375
ROUTE "Net-(SW1-Pad1)"
LINE 6.35 -2.83351 6.33976 -2.84375
LINE 6.33976 -2.84375 6 -2.84375
ROUTE "Net-(SW2-Pad2)"
LINE 5.85728 -2.72614 5.9 -2.76886
LINE 5.74252 -2.26147 5.83228 -2.26147
LINE 5.7 -2.30399 5.74252 -2.26147
LINE 5.85728 -2.28647 5.85728 -2.28853
LINE 5.9 -2.76886 5.9 -2.84375
LINE 5.85728 -2.28853 5.85728 -2.72614
LINE 5.83228 -2.26147 5.85728 -2.28647
$ENDROUTES

